PIG
Average Travel Time per Driver
Low:  [20.001199999999997, 20.000799999999998, 20.0032, 20.0116, 20.0116, 20.0088]
Med:  [20.106, 20.059333333333335, 20.2892, 20.274933333333333, 20.2568, 20.696133333333332]
High:  [21.643333333333334, 20.9492, 24.648933333333336, 24.005466666666667, 24.628400000000003, 31.485533333333333]
Standard Deviations
Low:  [0.0008, 0.0, 0.002, 0.002, 0.0048, 0.0044]
Med:  [0.07493333333333334, 0.0, 0.1628, 0.1608, 0.15986666666666666, 0.34493333333333337]
High:  [1.171, 0.0, 2.6368666666666667, 2.5671999999999997, 2.6528666666666667, 5.396466666666667]

Low:  [2.0011656939423292, 2.0011656939423292, 2.0011656939423292, 2.0011656939423292, 2.0011656939423292, 2.0011656939423292]
Med:  [2.0949229169729686, 2.0949229169729686, 2.0949229169729686, 2.0949229169729686, 2.0949229169729686, 2.0949229169729686]
High:  [3.512830543361828, 3.512830543361828, 3.5147116737728674, 3.740170338787255, 3.518750918905295, 3.518750918905295]
Standard Deviations
Low:  [0.0, 0.0, 0.0, 0.0, 0.0, 0.0]
Med:  [0.0, 0.0, 0.0, 0.0, 0.0, 0.0]
High:  [0.0, 0.0, 0.001199827770893281, 0.2056746340131482, 0.0, 0.0]

ANA
Average Travel Time per Driver
Low:  [2.2993111111111113, 2.2993111111111113, 2.2993111111111113, 2.2993111111111113, 2.2993111111111113, 2.2993111111111113]
Med:  [2.3935358024691356, 2.3935358024691356, 2.3935358024691356, 2.4862222222222226, 2.3935358024691356, 2.3935358024691356]
High:  [3.155472839506173, 3.1577432098765432, 3.3434864197530865, 3.213337037037037, 3.756374074074074, 3.7695333333333334]
Standard Deviations
Low:  [0.0, 0.0, 0.0, 0.0, 0.0, 0.0]
Med:  [0.0, 0.0, 0.0, 0.03065432098765432, 0.0, 0.0]
High:  [0.002919753086419753, 0.0, 0.12443703703703704, 0.05876172839506173, 0.0852320987654321, 0.08016172839506172]

CS
Average Travel Time per Driver
Low:  [10.09376, 10.09376, 10.09376, 10.09376, 10.09376, 10.09376]
Med:  [14.06456, 14.057220000000001, 15.049226666666668, 14.454360000000001, 17.296826666666668, 17.305466666666668]
High:  [25.97826, 17.406753333333334, 35.934646666666666, 34.251176666666666, 97.52958666666667, 77.58327666666666]
Standard Deviations
Low:  [0.0, 0.0, 0.0, 0.0, 0.0, 0.0]
Med:  [0.010700000000000001, 0.0, 0.7211666666666666, 0.22330666666666665, 0.5938533333333333, 0.36823333333333336]
High:  [11.000316666666667, 0.0, 17.187813333333334, 18.02399, 43.91634333333333, 44.11537333333333]

AUS
Average Travel Time per Driver
Low:  [1.520890808908089, 1.520890808908089, 1.520890808908089, 1.520890808908089, 1.520890808908089, 4.762789227892279]
Med:  [1.5921405880725474, 1.5921405880725474, 1.5921405880725474, 1.610526771934386, 1.5921405880725474, 4.985914125807925]
High:  [2.439206058727254, 2.439206058727254, 2.4753968873022063, 2.466229462294623, 2.6200742674093407, 8.374625012916795]
Standard Deviations
Low:  [0.0, 0.0, 0.0, 0.0, 0.0, 0.0]
Med:  [0.0, 0.0, 0.0, 0.0056013893472268055, 0.0, 0.0]
High:  [0.0, 0.0, 0.07424420910875776, 0.07753010863441967, 0.08476858101914353, 0.0]